32
0 Eng9 9 0 1 4
1 Math9 9 1 1 4
2 Hist9 9 2 1 4
3 Sci9 9 3 1 4
4 Art9 9 4 0 3
5 Music9 9 5 0 2
6 Span9 9 6 0 3
7 Gym9 9 7 0 2
8 Eng10 10 8 1 3
9 Math10 10 9 1 3
10 Hist10 10 10 1 3
11 Sci10 10 11 1 4
12 Art10 10 12 0 3
13 Music10 10 13 0 3
14 Span10 10 14 0 3
15 Gym10 10 15 0 2
16 Eng11 11 16 1 3
17 Math11 11 17 1 4
18 Hist11 11 18 1 4
19 Sci11 11 19 1 3
20 Art11 11 20 0 3
21 Music11 11 21 0 3
22 Span11 11 22 0 2
23 Gym11 11 23 0 3
24 Eng12 12 24 1 4
25 Math12 12 25 1 3
26 Hist12 12 26 1 4
27 Sci12 12 27 1 3
28 Art12 12 28 0 3
29 Music12 12 29 0 2
30 Span12 12 30 0 2
31 Gym12 12 31 0 3
