106
0 10 3 14 13 15 
1 12 3 29 31 30 
2 10 3 12 15 14 
3 9 3 5 6 7 
4 11 3 20 22 23 
5 12 2 30 29 
6 10 4 14 12 15 13 
7 10 2 12 15 
8 11 2 21 20 
9 10 1 15 
10 12 1 29 
11 12 1 29 
12 9 3 5 6 7 
13 11 4 22 20 21 23 
14 9 2 6 5 
15 11 2 23 21 
16 9 2 5 6 
17 9 2 4 5 
18 9 1 4 
19 12 4 29 31 28 30 
20 10 3 12 14 15 
21 12 4 30 28 29 31 
22 12 2 30 28 
23 9 4 6 4 7 5 
24 12 3 28 30 31 
25 12 2 29 30 
26 9 4 5 7 6 4 
27 11 3 21 22 23 
28 10 4 13 14 12 15 
29 10 3 15 14 13 
30 12 2 29 30 
31 10 4 15 13 14 12 
32 10 4 12 15 13 14 
33 11 1 20 
34 11 1 20 
35 9 4 6 7 4 5 
36 10 3 12 15 13 
37 11 1 22 
38 12 1 28 
39 9 4 4 5 7 6 
40 10 1 14 
41 12 4 30 31 28 29 
42 12 3 31 30 28 
43 9 4 5 6 7 4 
44 9 3 7 6 5 
45 11 1 21 
46 9 2 4 7 
47 9 3 6 7 5 
48 10 1 13 
49 9 1 4 
50 10 4 12 13 14 15 
51 11 2 20 22 
52 12 3 31 28 30 
53 12 3 28 30 31 
54 11 1 20 
55 10 1 13 
56 9 1 7 
57 11 3 22 20 23 
58 10 4 12 13 14 15 
59 9 4 5 6 7 4 
60 11 2 20 22 
61 12 1 31 
62 9 4 7 6 4 5 
63 11 4 23 22 21 20 
64 12 3 28 30 29 
65 11 1 20 
66 11 4 21 22 23 20 
67 12 1 29 
68 12 2 28 30 
69 10 2 14 13 
70 11 1 22 
71 10 3 14 12 13 
72 10 2 15 14 
73 12 2 30 31 
74 9 1 6 
75 12 3 29 28 30 
76 9 3 7 4 6 
77 9 4 5 6 4 7 
78 11 4 22 23 21 20 
79 9 3 6 4 5 
80 9 3 5 6 7 
81 9 3 7 5 4 
82 9 3 7 5 4 
83 10 4 12 14 13 15 
84 11 4 22 21 20 23 
85 12 1 31 
86 10 4 15 14 12 13 
87 10 4 12 13 14 15 
88 10 1 15 
89 10 2 14 12 
90 9 3 4 7 5 
91 9 1 5 
92 9 4 7 4 6 5 
93 11 4 23 22 20 21 
94 10 4 13 12 15 14 
95 9 3 6 4 7 
96 9 1 5 
97 12 1 31 
98 9 2 7 6 
99 10 2 13 14 
100 12 4 30 29 28 31 
101 11 1 21 
102 12 4 29 28 30 31 
103 10 3 15 12 13 
104 11 3 21 23 22 
105 12 1 29 
