0 4 0 8 16 24 1 1 2 4 3 2 1
1 4 0 8 16 24 4 3 2 2 1 1 1
2 4 1 9 17 25 1 1 1 2 2 3 4
3 4 1 9 17 25 1 1 2 4 3 2 1
4 4 2 10 18 26 1 1 1 2 2 3 4
5 4 2 10 18 26 4 3 2 2 1 1 1
6 4 3 11 19 27 1 1 2 4 3 2 1
7 4 3 11 19 27 4 3 2 2 1 1 1
8 4 3 11 19 27 4 3 2 2 1 1 1
9 4 4 12 20 28 1 1 2 4 3 2 1
10 4 4 12 20 28 1 1 2 4 3 2 1
11 4 5 13 21 29 4 3 2 2 1 1 1
12 4 5 13 21 29 1 1 2 4 3 2 1
13 4 5 13 21 29 1 1 2 4 3 2 1
14 4 6 14 22 30 4 3 2 2 1 1 1
15 4 6 14 22 30 1 1 1 2 2 3 4
16 4 7 15 23 31 1 1 1 2 2 3 4
17 4 7 15 23 31 4 3 2 2 1 1 1
